cv_loss: 1.353895417430633
epoch: 99
lr: 0.0015291163404532787
save_time: 26/11/2023 20:13:02
step: 43199
